member_id
16202254
215982
807257
3765675
20708
19029173
29296664
1806556
24972212
892001
1612748
2821604
2672915
167251
2007443
16663
18254848
84180
17900793
50076
58194
18777798
16027
1287469
705598
2211704
1515446
3626155
3769390
1916708
3878187
3200474
1253671
792882
64863146
11637
1912597
135915
1498630
389303
145775
14847
3302167
17906988
3231829
1786002
2706103
1579888
2855572
1331150
64081
3502352
87217500
36076
147120
2508846
2770100
12957486
17998520
2682361
30898036
3163250
8961866
13277
693467
10162
903031
229433
814025
4872230
125999
1523656
9309408
35612417
14824547
6849
72073
264317
14052175
32150
1328565
236924
148828
10121337
9373737
1866670
56547
13841
10607336
3517767
2384213
35633364
1876917
582024
1770643
74276062
66964797
66636848
9265792
11062162
167280
6967
87226390
11444741
25237
14389
137040
608678
3677944
18013280
19112642
2491343
10454372
2804770
89724899
21811
74601
2821922
265314
2233984
967124
13948
86694680
128707
1355951
9408755
9408755
8495
12699415
35692895
684004
164748
356254
17988315
276981
2830763
1206743
6453825
426253
150573
2175649
113254
88873
12076
3118913
89938
12227
10795459
9624
2613668
8323
92950
3271606
162724
399351
3420
5063
24614
5324440
1043715
10184271
3877505
112280
278819
18270683
7962441
96914
52160608
157252
78014
250673
15761
6654229
703025
1977526
17345
71553084
10968029
2569123
76031
67728368
2639942
1264070
162257
5202118
7938295
6654229
26531
2992703
3541463
28145130
27159855
12658
3813083
3334773
6464539
3588939
2460804
2527975
78449382
644776
208777
3027652
167470
38745
3214432
3640016
5336618
30984
5336618
2857630
162283
60540
211380
2612274
6436301
6159
3119164
2579812
74284749
17977
2728700
236175
7586104
23070
828370
28180
40812061
3945451
3138753
14825821
14006769
3676172
431105
2647843
11162656
10693191
2480157
36931
15520
3228545
4444
3175451
2014725
3607
12980582
65582532
165796
3675685
10555
1015589
11855
258303
31955
27378
784549
18359698
4526
76126558
5071271
3736159
12949663
3991822
414478
2418251
574962
10061
2250405
162909
18010936
76976606
213642
32889
13288
167056
2641084
3954657
28625135
46777
13611585
2316358
482819
1039156
2684737
612239
288365
3535535
19149
2601253
5289
7109
42815
912833
1189697
1344398
10410445
2770554
23729203
40801353
15261355
7870
10813033
455737
620877
127745
2746866
3559595
164954
691170
27011537
18144
62775
15671
156015
10355561
1195173
33883
2973736
102844
25027079
2551084
99055
6959
229978
397181
289891
167151
10887016
3795851
162610
21314
628480
9491418
521789
3157549
2346695
39750
162482
7584467
4983419
101105
697992
658814
78782661
49697
80753330
3859
2771
19664
26630
309629
15224185
2818
21889
60101
19263
54178
3398
6506
4446
22026
21867
10043
775402
4929
34924
7962985
459956
5920449
14218
10489311
20070
319989
10350118
3218656
3570830
42784537
18810413
167457
19045766
23863
1279563
76479
3518221
9634
115934
40654157
73498
29616
62953
66292838
10868023
1224441
5316202
1181097
18557144
60835
1033481
6160
142477
28223
3905
21275
65452
13867
3030975
410519
126632
15079201
35500559
35234
6958
6440846
41786
44802
28698
2139901
399557
46225
11781889
111265
20168035
21405
3301290
11203986
2836503
2316216
12569
29048
7583613
7952659
16954
2834899
7793713
271234
100943
35504537
2895624
1015739
53132
30772606
15112074
263515
2386
4426
112992
1302424
74870236
559760
5239866
87677
18589693
17920955
3701133
18851732
457324
543062
20931
8956473
166208
4722230
506659
6300
18720223
3366798
2855734
6611801
164326
103824
801567
-1544560163
3059072
2198587
3749939
1189836
78282971
5232922
61181
800183
64599999
17443
49028
18872387
26547
10831339
111444
5365
111905
4987
402758
11093134
10261360
428312
9675
18712
16501
10877423
18335810
93746
9899
164512
74360
81540912
68792098
20353970
30051
120271
13237476
10867
3610169
21408
78794
4839502
304863
2073
75125854
450651
93075952
9106
1053555
1022601
3253504
268799
19184331
15575
53934
2811957
773747
11468073
80999
838774
9771
51626838
49440
27212496
1076012
2425698
10034420
906401
881496
63740857
93023
65411
83851
6730
20698
10416267
3619383
5233302
903580
26564524
324781
12895978
10132565
1136553
20279423
1958201
165787
18311685
78467539
66890963
86404
3226972
2263245
3646
40910
10804989
6681
2851534
10199
10417918
3036427
3016122
5071248
395288
383386
70487
1248743
251283
10182862
4238
210324
18485
21676
1656
3033823
14841964
6385214
2746392
10233072
8206880
3802248
18805355
10337946
41691
469678
11841
3654338
2916318
2724227
1584738
5002
25027787
5373
18693138
4872236
2671521
207336
74327
79809662
166590
24370
14809
11278399
34696
68966807
75839
18882930
18488141
2952271
298190
5337093
19042
118361
21665
8822
80218344
3225165
699824
26233
18341423
135275
18373097
1618165
606627
30912
2428264
72493
213890
19192
275831
249309
10685027
2500599
250834
142804
24333
90679425
260764
68692
516206
295775
7793
10092475
3181474
10092475
10001895
10653469
525424
8717
40519
10346547
1757888
33367
215683
96206
18426345
47789
15925
455932
212846
11304381
373234
66456
3476351
230463
15246454
6009889
6131
6320787
60610
21450
40479
8334
333967
4800048
35372
687352
31542
4130
3509022
3774055
2337411
10166893
63521
2845325
5265875
974353
47199
8135
165842
19043535
3559341
48974
2669550
72319
82233798
3119710
24990
9125
28175071
70652
1828205
5992514
12107
8153832
10894709
142673
25803
1271877
699654
90396
27853
18976
91322696
127394
35342
867495
379817
3595996
3076102
18544108
409050
233308
86467
1022716
108422
18249313
4795130
2551242
28680169
3188228
26167
65034840
79992924
3491149
71405
30093
2644323
13377
457886
72236
29763
3602865
2837064
219986
24083
566121
82978
1574684
3118688
36112
3182559
446293
2565
11072
2200287
8852
8084
2582861
2830282
2171947
2171947
1006947
3996
3012137
23081
14921
17979
6636573
11008286
6720
309542
10516078
5973060
7734
2462
68620307
360157
2510344
1202765
6630464
9549213
315092
1478477
33277470
6489
12127
1689221
27490
19201476
221390
759889
26173
18989904
5129180
3195463
166193
89759
10241971
2716398
3393
11454
71476848
163753
3146
71555983
380377
3649864
2619521
2366033
11717656
2058906
569542
11681047
460620
22530
18014
166286
2296178
3107677
4133497
138522
147427
18223178
9866
554127
30646417
7299
3139095
6816
3590362
1037816
115439
10149011
18886399
28771
164417
3249443
3247865
3801953
18617399
853742
81892450
17751
29014715
77772
7126
7324
71620596
29122915
59020
109341
2602522
1165219
66028
16235
3280260
18025
2748615
236077
67927345
969845
167172
1099749
557215
165007
13633
38632
6525444
10143317
1932976
10862921
3007630
166574
612523
4608822
960262
5071314
84831
7423
19993
2973
1244326
9426661
83100808
10616
33255577
12441
10926
20282
103315
80362091
14958
153674
31888
20324
11353
14650
83609
1214453
123064
10810
11447
841640
9203219
19831
923423
27023
166527
1133049
32903428
46024
85562
1092882
656215
1175268
9210946
296226
86935693
21870
349297
294396
124377
856481
438372
3584917
75130
167813
11829
231909
162546
40970085
14791
165403
6442095
36347
409864
78691110
3224
7268
54461
10620373
1885974
165006
3267
65620827
1966
65485
435210
27653
5099
35574265
2557484
29905
362798
28289
-145124860
969871
166454
5368909
9317334
992981
564709
40563
13888
16274946
5364
10797668
1785
11754526
24985693
-1048376744
15178
2416018
16199690
18702224
3249
515401
362833
66935
78784
4162
3727375
1388765
594846
3752
71650720
77981691
164979
7796
2225885
26479
6001428
6142
37788
166185
1729578
1668979
13670
1004418
2837787
13677
3982
25403
9223
18553375
79902774
16827
162929
77864387
3750699
47456
18679
6427
8088
15768
235348
235348
-1228767371
250200
11219
166039
10620
1976
17973173
732400
8017690
1788
2681769
41315
22803
51941
2464624
137270
717074
3513586
7629
7892
11934
5352
71273635
48576
164942
3516491
21377
163166
751259
163320
3059
8011
103711
4840301
3496
281642
12738
3643
51773
7677
80908
843113
163414
4761
167700
99595
1106541
80069
2880
1853490
710313
18454116
2681277
3720
4376
1001
2238875
18693608
835110
17971832
15225218
3705955
1372